[-3.05245565177653;
 -0.9025817282873567;
 0.5081750029585018]

[-3.05245565177653;
 -0.9025817282873567;
 0.5081750029585018]

[-3.067649550507458;
 -0.9070744177611586;
 0.5107044941005096]

[-3.05245565177653;
 -0.9025817282873567;
 0.5081750029585018]

[-3.067649550507458;
 -0.9070744177611586;
 0.5107044941005096]

[-3.072751245264504;
 -0.908582939750112;
 0.5115538278972993]

[-3.05245565177653;
 -0.9025817282873567;
 0.5081750029585018]

[-3.067649550507458;
 -0.9070744177611586;
 0.5107044941005096]

[-3.072751245264504;
 -0.908582939750112;
 0.5115538278972993]

[-3.0027456812675;
 -0.6124669767737587;
 -0.03823144525307443]

[-3.05245565177653;
 -0.9025817282873567;
 0.5081750029585018]

[-3.067649550507458;
 -0.9070744177611586;
 0.5107044941005096]

[-3.072751245264504;
 -0.908582939750112;
 0.5115538278972993]

[-3.0027456812675;
 -0.6124669767737587;
 -0.03823144525307443]

[-2.960630974171605;
 -0.4343263214438259;
 -0.3689772377640132]

[-3.05245565177653;
 -0.9025817282873567;
 0.5081750029585018]

[-3.067649550507458;
 -0.9070744177611586;
 0.5107044941005096]

[-3.072751245264504;
 -0.908582939750112;
 0.5115538278972993]

[-3.0027456812675;
 -0.6124669767737587;
 -0.03823144525307443]

[-2.960630974171605;
 -0.4343263214438259;
 -0.3689772377640132]

[-2.823513929869292;
 -0.1892435783558337;
 -0.6248162021463159]

[-3.05245565177653;
 -0.9025817282873567;
 0.5081750029585018]

[-3.067649550507458;
 -0.9070744177611586;
 0.5107044941005096]

[-3.072751245264504;
 -0.908582939750112;
 0.5115538278972993]

[-3.0027456812675;
 -0.6124669767737587;
 -0.03823144525307443]

[-2.960630974171605;
 -0.4343263214438259;
 -0.3689772377640132]

[-2.823513929869292;
 -0.1892435783558337;
 -0.6248162021463159]

[-2.725326868002111;
 -0.01374421151487792;
 -0.8080179065854558]

[-3.05245565177653;
 -0.9025817282873567;
 0.5081750029585018]

[-3.067649550507458;
 -0.9070744177611586;
 0.5107044941005096]

[-3.072751245264504;
 -0.908582939750112;
 0.5115538278972993]

[-3.0027456812675;
 -0.6124669767737587;
 -0.03823144525307443]

[-2.960630974171605;
 -0.4343263214438259;
 -0.3689772377640132]

[-2.823513929869292;
 -0.1892435783558337;
 -0.6248162021463159]

[-2.725326868002111;
 -0.01374421151487792;
 -0.8080179065854558]

[-2.651490796656848;
 0.1182302413783767;
 -0.9457844703496328]

[-3.05245565177653;
 -0.9025817282873567;
 0.5081750029585018]

[-3.067649550507458;
 -0.9070744177611586;
 0.5107044941005096]

[-3.072751245264504;
 -0.908582939750112;
 0.5115538278972993]

[-3.0027456812675;
 -0.6124669767737587;
 -0.03823144525307443]

[-2.960630974171605;
 -0.4343263214438259;
 -0.3689772377640132]

[-2.823513929869292;
 -0.1892435783558337;
 -0.6248162021463159]

[-2.725326868002111;
 -0.01374421151487792;
 -0.8080179065854558]

[-2.651490796656848;
 0.1182302413783767;
 -0.9457844703496328]

[-2.593899279707182;
 0.221169208772562;
 -1.053241235688907]

[-3.05245565177653;
 -0.9025817282873567;
 0.5081750029585018]

[-3.067649550507458;
 -0.9070744177611586;
 0.5107044941005096]

[-3.072751245264504;
 -0.908582939750112;
 0.5115538278972993]

[-3.0027456812675;
 -0.6124669767737587;
 -0.03823144525307443]

[-2.960630974171605;
 -0.4343263214438259;
 -0.3689772377640132]

[-2.823513929869292;
 -0.1892435783558337;
 -0.6248162021463159]

[-2.725326868002111;
 -0.01374421151487792;
 -0.8080179065854558]

[-2.651490796656848;
 0.1182302413783767;
 -0.9457844703496328]

[-2.593899279707182;
 0.221169208772562;
 -1.053241235688907]

[83.12458620838306;
 13.95743750287327;
 33.46283790974145]

[-3.05245565177653;
 -0.9025817282873567;
 0.5081750029585018]

[-3.067649550507458;
 -0.9070744177611586;
 0.5107044941005096]

[-3.072751245264504;
 -0.908582939750112;
 0.5115538278972993]

[-3.0027456812675;
 -0.6124669767737587;
 -0.03823144525307443]

[-2.960630974171605;
 -0.4343263214438259;
 -0.3689772377640132]

[-2.823513929869292;
 -0.1892435783558337;
 -0.6248162021463159]

[-2.725326868002111;
 -0.01374421151487792;
 -0.8080179065854558]

[-2.651490796656848;
 0.1182302413783767;
 -0.9457844703496328]

[-2.593899279707182;
 0.221169208772562;
 -1.053241235688907]

[83.12458620838306;
 13.95743750287327;
 33.46283790974145]

[75.13766100147504;
 12.48781800770206;
 30.15286685221037]

[-3.05245565177653;
 -0.9025817282873567;
 0.5081750029585018]

[-3.067649550507458;
 -0.9070744177611586;
 0.5107044941005096]

[-3.072751245264504;
 -0.908582939750112;
 0.5115538278972993]

[-3.0027456812675;
 -0.6124669767737587;
 -0.03823144525307443]

[-2.960630974171605;
 -0.4343263214438259;
 -0.3689772377640132]

[-2.823513929869292;
 -0.1892435783558337;
 -0.6248162021463159]

[-2.725326868002111;
 -0.01374421151487792;
 -0.8080179065854558]

[-2.651490796656848;
 0.1182302413783767;
 -0.9457844703496328]

[-2.593899279707182;
 0.221169208772562;
 -1.053241235688907]

[83.12458620838306;
 13.95743750287327;
 33.46283790974145]

[75.13766100147504;
 12.48781800770206;
 30.15286685221037]

[68.45875229810346;
 11.25887768552978;
 27.38496882745716]

[-3.05245565177653;
 -0.9025817282873567;
 0.5081750029585018]

[-3.067649550507458;
 -0.9070744177611586;
 0.5107044941005096]

[-3.072751245264504;
 -0.908582939750112;
 0.5115538278972993]

[-3.0027456812675;
 -0.6124669767737587;
 -0.03823144525307443]

[-2.960630974171605;
 -0.4343263214438259;
 -0.3689772377640132]

[-2.823513929869292;
 -0.1892435783558337;
 -0.6248162021463159]

[-2.725326868002111;
 -0.01374421151487792;
 -0.8080179065854558]

[-2.651490796656848;
 0.1182302413783767;
 -0.9457844703496328]

[-2.593899279707182;
 0.221169208772562;
 -1.053241235688907]

[83.12458620838306;
 13.95743750287327;
 33.46283790974145]

[75.13766100147504;
 12.48781800770206;
 30.15286685221037]

[68.45875229810346;
 11.25887768552978;
 27.38496882745716]

[62.78657509564558;
 10.2151791431185;
 25.03428419138663]

[-3.05245565177653;
 -0.9025817282873567;
 0.5081750029585018]

[-3.067649550507458;
 -0.9070744177611586;
 0.5107044941005096]

[-3.072751245264504;
 -0.908582939750112;
 0.5115538278972993]

[-3.0027456812675;
 -0.6124669767737587;
 -0.03823144525307443]

[-2.960630974171605;
 -0.4343263214438259;
 -0.3689772377640132]

[-2.823513929869292;
 -0.1892435783558337;
 -0.6248162021463159]

[-2.725326868002111;
 -0.01374421151487792;
 -0.8080179065854558]

[-2.651490796656848;
 0.1182302413783767;
 -0.9457844703496328]

[-2.593899279707182;
 0.221169208772562;
 -1.053241235688907]

[83.12458620838306;
 13.95743750287327;
 33.46283790974145]

[75.13766100147504;
 12.48781800770206;
 30.15286685221037]

[68.45875229810346;
 11.25887768552978;
 27.38496882745716]

[62.78657509564558;
 10.2151791431185;
 25.03428419138663]

[57.90588702748844;
 9.317117104349265;
 23.01161140706348]

[-3.05245565177653;
 -0.9025817282873567;
 0.5081750029585018]

[-3.067649550507458;
 -0.9070744177611586;
 0.5107044941005096]

[-3.072751245264504;
 -0.908582939750112;
 0.5115538278972993]

[-3.0027456812675;
 -0.6124669767737587;
 -0.03823144525307443]

[-2.960630974171605;
 -0.4343263214438259;
 -0.3689772377640132]

[-2.823513929869292;
 -0.1892435783558337;
 -0.6248162021463159]

[-2.725326868002111;
 -0.01374421151487792;
 -0.8080179065854558]

[-2.651490796656848;
 0.1182302413783767;
 -0.9457844703496328]

[-2.593899279707182;
 0.221169208772562;
 -1.053241235688907]

[83.12458620838306;
 13.95743750287327;
 33.46283790974145]

[75.13766100147504;
 12.48781800770206;
 30.15286685221037]

[68.45875229810346;
 11.25887768552978;
 27.38496882745716]

[62.78657509564558;
 10.2151791431185;
 25.03428419138663]

[57.90588702748844;
 9.317117104349265;
 23.01161140706348]

[53.6588256806881;
 8.535644386031153;
 21.25152854998234]

[-3.05245565177653;
 -0.9025817282873567;
 0.5081750029585018]

[-3.067649550507458;
 -0.9070744177611586;
 0.5107044941005096]

[-3.072751245264504;
 -0.908582939750112;
 0.5115538278972993]

[-3.0027456812675;
 -0.6124669767737587;
 -0.03823144525307443]

[-2.960630974171605;
 -0.4343263214438259;
 -0.3689772377640132]

[-2.823513929869292;
 -0.1892435783558337;
 -0.6248162021463159]

[-2.725326868002111;
 -0.01374421151487792;
 -0.8080179065854558]

[-2.651490796656848;
 0.1182302413783767;
 -0.9457844703496328]

[-2.593899279707182;
 0.221169208772562;
 -1.053241235688907]

[83.12458620838306;
 13.95743750287327;
 33.46283790974145]

[75.13766100147504;
 12.48781800770206;
 30.15286685221037]

[68.45875229810346;
 11.25887768552978;
 27.38496882745716]

[62.78657509564558;
 10.2151791431185;
 25.03428419138663]

[57.90588702748844;
 9.317117104349265;
 23.01161140706348]

[53.6588256806881;
 8.535644386031153;
 21.25152854998234]

[49.92698765917412;
 7.848974388859456;
 19.70496644721949]

[-3.05245565177653;
 -0.9025817282873567;
 0.5081750029585018]

[-3.067649550507458;
 -0.9070744177611586;
 0.5107044941005096]

[-3.072751245264504;
 -0.908582939750112;
 0.5115538278972993]

[-3.0027456812675;
 -0.6124669767737587;
 -0.03823144525307443]

[-2.960630974171605;
 -0.4343263214438259;
 -0.3689772377640132]

[-2.823513929869292;
 -0.1892435783558337;
 -0.6248162021463159]

[-2.725326868002111;
 -0.01374421151487792;
 -0.8080179065854558]

[-2.651490796656848;
 0.1182302413783767;
 -0.9457844703496328]

[-2.593899279707182;
 0.221169208772562;
 -1.053241235688907]

[83.12458620838306;
 13.95743750287327;
 33.46283790974145]

[75.13766100147504;
 12.48781800770206;
 30.15286685221037]

[68.45875229810346;
 11.25887768552978;
 27.38496882745716]

[62.78657509564558;
 10.2151791431185;
 25.03428419138663]

[57.90588702748844;
 9.317117104349265;
 23.01161140706348]

[53.6588256806881;
 8.535644386031153;
 21.25152854998234]

[49.92698765917412;
 7.848974388859456;
 19.70496644721949]

[46.55796570964728;
 7.29993279575739;
 18.48827776048512]

[-3.05245565177653;
 -0.9025817282873567;
 0.5081750029585018]

[-3.067649550507458;
 -0.9070744177611586;
 0.5107044941005096]

[-3.072751245264504;
 -0.908582939750112;
 0.5115538278972993]

[-3.0027456812675;
 -0.6124669767737587;
 -0.03823144525307443]

[-2.960630974171605;
 -0.4343263214438259;
 -0.3689772377640132]

[-2.823513929869292;
 -0.1892435783558337;
 -0.6248162021463159]

[-2.725326868002111;
 -0.01374421151487792;
 -0.8080179065854558]

[-2.651490796656848;
 0.1182302413783767;
 -0.9457844703496328]

[-2.593899279707182;
 0.221169208772562;
 -1.053241235688907]

[83.12458620838306;
 13.95743750287327;
 33.46283790974145]

[75.13766100147504;
 12.48781800770206;
 30.15286685221037]

[68.45875229810346;
 11.25887768552978;
 27.38496882745716]

[62.78657509564558;
 10.2151791431185;
 25.03428419138663]

[57.90588702748844;
 9.317117104349265;
 23.01161140706348]

[53.6588256806881;
 8.535644386031153;
 21.25152854998234]

[49.92698765917412;
 7.848974388859456;
 19.70496644721949]

[46.55796570964728;
 7.29993279575739;
 18.48827776048512]

[43.54982980747992;
 6.809703954052915;
 17.40191947159343]

[-3.05245565177653;
 -0.9025817282873567;
 0.5081750029585018]

[-3.067649550507458;
 -0.9070744177611586;
 0.5107044941005096]

[-3.072751245264504;
 -0.908582939750112;
 0.5115538278972993]

[-3.0027456812675;
 -0.6124669767737587;
 -0.03823144525307443]

[-2.960630974171605;
 -0.4343263214438259;
 -0.3689772377640132]

[-2.823513929869292;
 -0.1892435783558337;
 -0.6248162021463159]

[-2.725326868002111;
 -0.01374421151487792;
 -0.8080179065854558]

[-2.651490796656848;
 0.1182302413783767;
 -0.9457844703496328]

[-2.593899279707182;
 0.221169208772562;
 -1.053241235688907]

[83.12458620838306;
 13.95743750287327;
 33.46283790974145]

[75.13766100147504;
 12.48781800770206;
 30.15286685221037]

[68.45875229810346;
 11.25887768552978;
 27.38496882745716]

[62.78657509564558;
 10.2151791431185;
 25.03428419138663]

[57.90588702748844;
 9.317117104349265;
 23.01161140706348]

[53.6588256806881;
 8.535644386031153;
 21.25152854998234]

[49.92698765917412;
 7.848974388859456;
 19.70496644721949]

[46.55796570964728;
 7.29993279575739;
 18.48827776048512]

[43.54982980747992;
 6.809703954052915;
 17.40191947159343]

[40.84595033563895;
 6.369059068084143;
 16.42544035897018]

[-3.05245565177653;
 -0.9025817282873567;
 0.5081750029585018]

[-3.067649550507458;
 -0.9070744177611586;
 0.5107044941005096]

[-3.072751245264504;
 -0.908582939750112;
 0.5115538278972993]

[-3.0027456812675;
 -0.6124669767737587;
 -0.03823144525307443]

[-2.960630974171605;
 -0.4343263214438259;
 -0.3689772377640132]

[-2.823513929869292;
 -0.1892435783558337;
 -0.6248162021463159]

[-2.725326868002111;
 -0.01374421151487792;
 -0.8080179065854558]

[-2.651490796656848;
 0.1182302413783767;
 -0.9457844703496328]

[-2.593899279707182;
 0.221169208772562;
 -1.053241235688907]

[83.12458620838306;
 13.95743750287327;
 33.46283790974145]

[75.13766100147504;
 12.48781800770206;
 30.15286685221037]

[68.45875229810346;
 11.25887768552978;
 27.38496882745716]

[62.78657509564558;
 10.2151791431185;
 25.03428419138663]

[57.90588702748844;
 9.317117104349265;
 23.01161140706348]

[53.6588256806881;
 8.535644386031153;
 21.25152854998234]

[49.92698765917412;
 7.848974388859456;
 19.70496644721949]

[46.55796570964728;
 7.29993279575739;
 18.48827776048512]

[43.54982980747992;
 6.809703954052915;
 17.40191947159343]

[40.84595033563895;
 6.369059068084143;
 16.42544035897018]

[38.40102942703837;
 5.970616050859175;
 15.54248154955297]

[-3.05245565177653;
 -0.9025817282873567;
 0.5081750029585018]

[-3.067649550507458;
 -0.9070744177611586;
 0.5107044941005096]

[-3.072751245264504;
 -0.908582939750112;
 0.5115538278972993]

[-3.0027456812675;
 -0.6124669767737587;
 -0.03823144525307443]

[-2.960630974171605;
 -0.4343263214438259;
 -0.3689772377640132]

[-2.823513929869292;
 -0.1892435783558337;
 -0.6248162021463159]

[-2.725326868002111;
 -0.01374421151487792;
 -0.8080179065854558]

[-2.651490796656848;
 0.1182302413783767;
 -0.9457844703496328]

[-2.593899279707182;
 0.221169208772562;
 -1.053241235688907]

[83.12458620838306;
 13.95743750287327;
 33.46283790974145]

[75.13766100147504;
 12.48781800770206;
 30.15286685221037]

[68.45875229810346;
 11.25887768552978;
 27.38496882745716]

[62.78657509564558;
 10.2151791431185;
 25.03428419138663]

[57.90588702748844;
 9.317117104349265;
 23.01161140706348]

[53.6588256806881;
 8.535644386031153;
 21.25152854998234]

[49.92698765917412;
 7.848974388859456;
 19.70496644721949]

[46.55796570964728;
 7.29993279575739;
 18.48827776048512]

[43.54982980747992;
 6.809703954052915;
 17.40191947159343]

[40.84595033563895;
 6.369059068084143;
 16.42544035897018]

[38.40102942703837;
 5.970616050859175;
 15.54248154955297]

[36.17840339065721;
 5.60839990677729;
 14.73980231687952]

[-3.05245565177653;
 -0.9025817282873567;
 0.5081750029585018]

[-3.067649550507458;
 -0.9070744177611586;
 0.5107044941005096]

[-3.072751245264504;
 -0.908582939750112;
 0.5115538278972993]

[-3.0027456812675;
 -0.6124669767737587;
 -0.03823144525307443]

[-2.960630974171605;
 -0.4343263214438259;
 -0.3689772377640132]

[-2.823513929869292;
 -0.1892435783558337;
 -0.6248162021463159]

[-2.725326868002111;
 -0.01374421151487792;
 -0.8080179065854558]

[-2.651490796656848;
 0.1182302413783767;
 -0.9457844703496328]

[-2.593899279707182;
 0.221169208772562;
 -1.053241235688907]

[83.12458620838306;
 13.95743750287327;
 33.46283790974145]

[75.13766100147504;
 12.48781800770206;
 30.15286685221037]

[68.45875229810346;
 11.25887768552978;
 27.38496882745716]

[62.78657509564558;
 10.2151791431185;
 25.03428419138663]

[57.90588702748844;
 9.317117104349265;
 23.01161140706348]

[53.6588256806881;
 8.535644386031153;
 21.25152854998234]

[49.92698765917412;
 7.848974388859456;
 19.70496644721949]

[46.55796570964728;
 7.29993279575739;
 18.48827776048512]

[43.54982980747992;
 6.809703954052915;
 17.40191947159343]

[40.84595033563895;
 6.369059068084143;
 16.42544035897018]

[38.40102942703837;
 5.970616050859175;
 15.54248154955297]

[36.17840339065721;
 5.60839990677729;
 14.73980231687952]

[34.39583673090963;
 5.41391120947013;
 14.06245024780466]

[-3.05245565177653;
 -0.9025817282873567;
 0.5081750029585018]

[-3.067649550507458;
 -0.9070744177611586;
 0.5107044941005096]

[-3.072751245264504;
 -0.908582939750112;
 0.5115538278972993]

[-3.0027456812675;
 -0.6124669767737587;
 -0.03823144525307443]

[-2.960630974171605;
 -0.4343263214438259;
 -0.3689772377640132]

[-2.823513929869292;
 -0.1892435783558337;
 -0.6248162021463159]

[-2.725326868002111;
 -0.01374421151487792;
 -0.8080179065854558]

[-2.651490796656848;
 0.1182302413783767;
 -0.9457844703496328]

[-2.593899279707182;
 0.221169208772562;
 -1.053241235688907]

[83.12458620838306;
 13.95743750287327;
 33.46283790974145]

[75.13766100147504;
 12.48781800770206;
 30.15286685221037]

[68.45875229810346;
 11.25887768552978;
 27.38496882745716]

[62.78657509564558;
 10.2151791431185;
 25.03428419138663]

[57.90588702748844;
 9.317117104349265;
 23.01161140706348]

[53.6588256806881;
 8.535644386031153;
 21.25152854998234]

[49.92698765917412;
 7.848974388859456;
 19.70496644721949]

[46.55796570964728;
 7.29993279575739;
 18.48827776048512]

[43.54982980747992;
 6.809703954052915;
 17.40191947159343]

[40.84595033563895;
 6.369059068084143;
 16.42544035897018]

[38.40102942703837;
 5.970616050859175;
 15.54248154955297]

[36.17840339065721;
 5.60839990677729;
 14.73980231687952]

[34.39583673090963;
 5.41391120947013;
 14.06245024780466]

[32.76035917598067;
 5.235470814327615;
 13.4409901191195]

[-3.05245565177653;
 -0.9025817282873567;
 0.5081750029585018]

[-3.067649550507458;
 -0.9070744177611586;
 0.5107044941005096]

[-3.072751245264504;
 -0.908582939750112;
 0.5115538278972993]

[-3.0027456812675;
 -0.6124669767737587;
 -0.03823144525307443]

[-2.960630974171605;
 -0.4343263214438259;
 -0.3689772377640132]

[-2.823513929869292;
 -0.1892435783558337;
 -0.6248162021463159]

[-2.725326868002111;
 -0.01374421151487792;
 -0.8080179065854558]

[-2.651490796656848;
 0.1182302413783767;
 -0.9457844703496328]

[-2.593899279707182;
 0.221169208772562;
 -1.053241235688907]

[83.12458620838306;
 13.95743750287327;
 33.46283790974145]

[75.13766100147504;
 12.48781800770206;
 30.15286685221037]

[68.45875229810346;
 11.25887768552978;
 27.38496882745716]

[62.78657509564558;
 10.2151791431185;
 25.03428419138663]

[57.90588702748844;
 9.317117104349265;
 23.01161140706348]

[53.6588256806881;
 8.535644386031153;
 21.25152854998234]

[49.92698765917412;
 7.848974388859456;
 19.70496644721949]

[46.55796570964728;
 7.29993279575739;
 18.48827776048512]

[43.54982980747992;
 6.809703954052915;
 17.40191947159343]

[40.84595033563895;
 6.369059068084143;
 16.42544035897018]

[38.40102942703837;
 5.970616050859175;
 15.54248154955297]

[36.17840339065721;
 5.60839990677729;
 14.73980231687952]

[34.39583673090963;
 5.41391120947013;
 14.06245024780466]

[32.76035917598067;
 5.235470814327615;
 13.4409901191195]

[31.25385199008218;
 5.071101858772951;
 12.86853704766522]

[-3.05245565177653;
 -0.9025817282873567;
 0.5081750029585018]

[-3.067649550507458;
 -0.9070744177611586;
 0.5107044941005096]

[-3.072751245264504;
 -0.908582939750112;
 0.5115538278972993]

[-3.0027456812675;
 -0.6124669767737587;
 -0.03823144525307443]

[-2.960630974171605;
 -0.4343263214438259;
 -0.3689772377640132]

[-2.823513929869292;
 -0.1892435783558337;
 -0.6248162021463159]

[-2.725326868002111;
 -0.01374421151487792;
 -0.8080179065854558]

[-2.651490796656848;
 0.1182302413783767;
 -0.9457844703496328]

[-2.593899279707182;
 0.221169208772562;
 -1.053241235688907]

[83.12458620838306;
 13.95743750287327;
 33.46283790974145]

[75.13766100147504;
 12.48781800770206;
 30.15286685221037]

[68.45875229810346;
 11.25887768552978;
 27.38496882745716]

[62.78657509564558;
 10.2151791431185;
 25.03428419138663]

[57.90588702748844;
 9.317117104349265;
 23.01161140706348]

[53.6588256806881;
 8.535644386031153;
 21.25152854998234]

[49.92698765917412;
 7.848974388859456;
 19.70496644721949]

[46.55796570964728;
 7.29993279575739;
 18.48827776048512]

[43.54982980747992;
 6.809703954052915;
 17.40191947159343]

[40.84595033563895;
 6.369059068084143;
 16.42544035897018]

[38.40102942703837;
 5.970616050859175;
 15.54248154955297]

[36.17840339065721;
 5.60839990677729;
 14.73980231687952]

[34.39583673090963;
 5.41391120947013;
 14.06245024780466]

[32.76035917598067;
 5.235470814327615;
 13.4409901191195]

[31.25385199008218;
 5.071101858772951;
 12.86853704766522]

[29.86109924438117;
 4.919144193851339;
 12.33930917904579]

[-3.05245565177653;
 -0.9025817282873567;
 0.5081750029585018]

[-3.067649550507458;
 -0.9070744177611586;
 0.5107044941005096]

[-3.072751245264504;
 -0.908582939750112;
 0.5115538278972993]

[-3.0027456812675;
 -0.6124669767737587;
 -0.03823144525307443]

[-2.960630974171605;
 -0.4343263214438259;
 -0.3689772377640132]

[-2.823513929869292;
 -0.1892435783558337;
 -0.6248162021463159]

[-2.725326868002111;
 -0.01374421151487792;
 -0.8080179065854558]

[-2.651490796656848;
 0.1182302413783767;
 -0.9457844703496328]

[-2.593899279707182;
 0.221169208772562;
 -1.053241235688907]

[83.12458620838306;
 13.95743750287327;
 33.46283790974145]

[75.13766100147504;
 12.48781800770206;
 30.15286685221037]

[68.45875229810346;
 11.25887768552978;
 27.38496882745716]

[62.78657509564558;
 10.2151791431185;
 25.03428419138663]

[57.90588702748844;
 9.317117104349265;
 23.01161140706348]

[53.6588256806881;
 8.535644386031153;
 21.25152854998234]

[49.92698765917412;
 7.848974388859456;
 19.70496644721949]

[46.55796570964728;
 7.29993279575739;
 18.48827776048512]

[43.54982980747992;
 6.809703954052915;
 17.40191947159343]

[40.84595033563895;
 6.369059068084143;
 16.42544035897018]

[38.40102942703837;
 5.970616050859175;
 15.54248154955297]

[36.17840339065721;
 5.60839990677729;
 14.73980231687952]

[34.39583673090963;
 5.41391120947013;
 14.06245024780466]

[32.76035917598067;
 5.235470814327615;
 13.4409901191195]

[31.25385199008218;
 5.071101858772951;
 12.86853704766522]

[29.86109924438117;
 4.919144193851339;
 12.33930917904579]

[28.56922919671067;
 4.778193435411172;
 11.84841541920774]

[-3.05245565177653;
 -0.9025817282873567;
 0.5081750029585018]

[-3.067649550507458;
 -0.9070744177611586;
 0.5107044941005096]

[-3.072751245264504;
 -0.908582939750112;
 0.5115538278972993]

[-3.0027456812675;
 -0.6124669767737587;
 -0.03823144525307443]

[-2.960630974171605;
 -0.4343263214438259;
 -0.3689772377640132]

[-2.823513929869292;
 -0.1892435783558337;
 -0.6248162021463159]

[-2.725326868002111;
 -0.01374421151487792;
 -0.8080179065854558]

[-2.651490796656848;
 0.1182302413783767;
 -0.9457844703496328]

[-2.593899279707182;
 0.221169208772562;
 -1.053241235688907]

[83.12458620838306;
 13.95743750287327;
 33.46283790974145]

[75.13766100147504;
 12.48781800770206;
 30.15286685221037]

[68.45875229810346;
 11.25887768552978;
 27.38496882745716]

[62.78657509564558;
 10.2151791431185;
 25.03428419138663]

[57.90588702748844;
 9.317117104349265;
 23.01161140706348]

[53.6588256806881;
 8.535644386031153;
 21.25152854998234]

[49.92698765917412;
 7.848974388859456;
 19.70496644721949]

[46.55796570964728;
 7.29993279575739;
 18.48827776048512]

[43.54982980747992;
 6.809703954052915;
 17.40191947159343]

[40.84595033563895;
 6.369059068084143;
 16.42544035897018]

[38.40102942703837;
 5.970616050859175;
 15.54248154955297]

[36.17840339065721;
 5.60839990677729;
 14.73980231687952]

[34.39583673090963;
 5.41391120947013;
 14.06245024780466]

[32.76035917598067;
 5.235470814327615;
 13.4409901191195]

[31.25385199008218;
 5.071101858772951;
 12.86853704766522]

[29.86109924438117;
 4.919144193851339;
 12.33930917904579]

[28.56922919671067;
 4.778193435411172;
 11.84841541920774]

[27.39643557546617;
 4.642398059126146;
 11.31485864498413]

[-3.05245565177653;
 -0.9025817282873567;
 0.5081750029585018]

[-3.067649550507458;
 -0.9070744177611586;
 0.5107044941005096]

[-3.072751245264504;
 -0.908582939750112;
 0.5115538278972993]

[-3.0027456812675;
 -0.6124669767737587;
 -0.03823144525307443]

[-2.960630974171605;
 -0.4343263214438259;
 -0.3689772377640132]

[-2.823513929869292;
 -0.1892435783558337;
 -0.6248162021463159]

[-2.725326868002111;
 -0.01374421151487792;
 -0.8080179065854558]

[-2.651490796656848;
 0.1182302413783767;
 -0.9457844703496328]

[-2.593899279707182;
 0.221169208772562;
 -1.053241235688907]

[83.12458620838306;
 13.95743750287327;
 33.46283790974145]

[75.13766100147504;
 12.48781800770206;
 30.15286685221037]

[68.45875229810346;
 11.25887768552978;
 27.38496882745716]

[62.78657509564558;
 10.2151791431185;
 25.03428419138663]

[57.90588702748844;
 9.317117104349265;
 23.01161140706348]

[53.6588256806881;
 8.535644386031153;
 21.25152854998234]

[49.92698765917412;
 7.848974388859456;
 19.70496644721949]

[46.55796570964728;
 7.29993279575739;
 18.48827776048512]

[43.54982980747992;
 6.809703954052915;
 17.40191947159343]

[40.84595033563895;
 6.369059068084143;
 16.42544035897018]

[38.40102942703837;
 5.970616050859175;
 15.54248154955297]

[36.17840339065721;
 5.60839990677729;
 14.73980231687952]

[34.39583673090963;
 5.41391120947013;
 14.06245024780466]

[32.76035917598067;
 5.235470814327615;
 13.4409901191195]

[31.25385199008218;
 5.071101858772951;
 12.86853704766522]

[29.86109924438117;
 4.919144193851339;
 12.33930917904579]

[28.56922919671067;
 4.778193435411172;
 11.84841541920774]

[27.39643557546617;
 4.642398059126146;
 11.31485864498413]

[26.30221536720298;
 4.515700537730946;
 10.81704846420256]

[-3.05245565177653;
 -0.9025817282873567;
 0.5081750029585018]

[-3.067649550507458;
 -0.9070744177611586;
 0.5107044941005096]

[-3.072751245264504;
 -0.908582939750112;
 0.5115538278972993]

[-3.0027456812675;
 -0.6124669767737587;
 -0.03823144525307443]

[-2.960630974171605;
 -0.4343263214438259;
 -0.3689772377640132]

[-2.823513929869292;
 -0.1892435783558337;
 -0.6248162021463159]

[-2.725326868002111;
 -0.01374421151487792;
 -0.8080179065854558]

[-2.651490796656848;
 0.1182302413783767;
 -0.9457844703496328]

[-2.593899279707182;
 0.221169208772562;
 -1.053241235688907]

[83.12458620838306;
 13.95743750287327;
 33.46283790974145]

[75.13766100147504;
 12.48781800770206;
 30.15286685221037]

[68.45875229810346;
 11.25887768552978;
 27.38496882745716]

[62.78657509564558;
 10.2151791431185;
 25.03428419138663]

[57.90588702748844;
 9.317117104349265;
 23.01161140706348]

[53.6588256806881;
 8.535644386031153;
 21.25152854998234]

[49.92698765917412;
 7.848974388859456;
 19.70496644721949]

[46.55796570964728;
 7.29993279575739;
 18.48827776048512]

[43.54982980747992;
 6.809703954052915;
 17.40191947159343]

[40.84595033563895;
 6.369059068084143;
 16.42544035897018]

[38.40102942703837;
 5.970616050859175;
 15.54248154955297]

[36.17840339065721;
 5.60839990677729;
 14.73980231687952]

[34.39583673090963;
 5.41391120947013;
 14.06245024780466]

[32.76035917598067;
 5.235470814327615;
 13.4409901191195]

[31.25385199008218;
 5.071101858772951;
 12.86853704766522]

[29.86109924438117;
 4.919144193851339;
 12.33930917904579]

[28.56922919671067;
 4.778193435411172;
 11.84841541920774]

[27.39643557546617;
 4.642398059126146;
 11.31485864498413]

[26.30221536720298;
 4.515700537730946;
 10.81704846420256]

[25.27866851651358;
 4.397186139957167;
 10.35139078494177]

[-3.05245565177653;
 -0.9025817282873567;
 0.5081750029585018]

[-3.067649550507458;
 -0.9070744177611586;
 0.5107044941005096]

[-3.072751245264504;
 -0.908582939750112;
 0.5115538278972993]

[-3.0027456812675;
 -0.6124669767737587;
 -0.03823144525307443]

[-2.960630974171605;
 -0.4343263214438259;
 -0.3689772377640132]

[-2.823513929869292;
 -0.1892435783558337;
 -0.6248162021463159]

[-2.725326868002111;
 -0.01374421151487792;
 -0.8080179065854558]

[-2.651490796656848;
 0.1182302413783767;
 -0.9457844703496328]

[-2.593899279707182;
 0.221169208772562;
 -1.053241235688907]

[83.12458620838306;
 13.95743750287327;
 33.46283790974145]

[75.13766100147504;
 12.48781800770206;
 30.15286685221037]

[68.45875229810346;
 11.25887768552978;
 27.38496882745716]

[62.78657509564558;
 10.2151791431185;
 25.03428419138663]

[57.90588702748844;
 9.317117104349265;
 23.01161140706348]

[53.6588256806881;
 8.535644386031153;
 21.25152854998234]

[49.92698765917412;
 7.848974388859456;
 19.70496644721949]

[46.55796570964728;
 7.29993279575739;
 18.48827776048512]

[43.54982980747992;
 6.809703954052915;
 17.40191947159343]

[40.84595033563895;
 6.369059068084143;
 16.42544035897018]

[38.40102942703837;
 5.970616050859175;
 15.54248154955297]

[36.17840339065721;
 5.60839990677729;
 14.73980231687952]

[34.39583673090963;
 5.41391120947013;
 14.06245024780466]

[32.76035917598067;
 5.235470814327615;
 13.4409901191195]

[31.25385199008218;
 5.071101858772951;
 12.86853704766522]

[29.86109924438117;
 4.919144193851339;
 12.33930917904579]

[28.56922919671067;
 4.778193435411172;
 11.84841541920774]

[27.39643557546617;
 4.642398059126146;
 11.31485864498413]

[26.30221536720298;
 4.515700537730946;
 10.81704846420256]

[25.27866851651358;
 4.397186139957167;
 10.35139078494177]

[134.5384990222948;
 23.09544959952729;
 55.77433328263778]

[-3.05245565177653;
 -0.9025817282873567;
 0.5081750029585018]

[-3.067649550507458;
 -0.9070744177611586;
 0.5107044941005096]

[-3.072751245264504;
 -0.908582939750112;
 0.5115538278972993]

[-3.0027456812675;
 -0.6124669767737587;
 -0.03823144525307443]

[-2.960630974171605;
 -0.4343263214438259;
 -0.3689772377640132]

[-2.823513929869292;
 -0.1892435783558337;
 -0.6248162021463159]

[-2.725326868002111;
 -0.01374421151487792;
 -0.8080179065854558]

[-2.651490796656848;
 0.1182302413783767;
 -0.9457844703496328]

[-2.593899279707182;
 0.221169208772562;
 -1.053241235688907]

[83.12458620838306;
 13.95743750287327;
 33.46283790974145]

[75.13766100147504;
 12.48781800770206;
 30.15286685221037]

[68.45875229810346;
 11.25887768552978;
 27.38496882745716]

[62.78657509564558;
 10.2151791431185;
 25.03428419138663]

[57.90588702748844;
 9.317117104349265;
 23.01161140706348]

[53.6588256806881;
 8.535644386031153;
 21.25152854998234]

[49.92698765917412;
 7.848974388859456;
 19.70496644721949]

[46.55796570964728;
 7.29993279575739;
 18.48827776048512]

[43.54982980747992;
 6.809703954052915;
 17.40191947159343]

[40.84595033563895;
 6.369059068084143;
 16.42544035897018]

[38.40102942703837;
 5.970616050859175;
 15.54248154955297]

[36.17840339065721;
 5.60839990677729;
 14.73980231687952]

[34.39583673090963;
 5.41391120947013;
 14.06245024780466]

[32.76035917598067;
 5.235470814327615;
 13.4409901191195]

[31.25385199008218;
 5.071101858772951;
 12.86853704766522]

[29.86109924438117;
 4.919144193851339;
 12.33930917904579]

[28.56922919671067;
 4.778193435411172;
 11.84841541920774]

[27.39643557546617;
 4.642398059126146;
 11.31485864498413]

[26.30221536720298;
 4.515700537730946;
 10.81704846420256]

[25.27866851651358;
 4.397186139957167;
 10.35139078494177]

[134.5384990222948;
 23.09544959952729;
 55.77433328263778]

[237.2104979944004;
 40.6662995433185;
 98.45849528293203]

[-3.05245565177653;
 -0.9025817282873567;
 0.5081750029585018]

[-3.067649550507458;
 -0.9070744177611586;
 0.5107044941005096]

[-3.072751245264504;
 -0.908582939750112;
 0.5115538278972993]

[-3.0027456812675;
 -0.6124669767737587;
 -0.03823144525307443]

[-2.960630974171605;
 -0.4343263214438259;
 -0.3689772377640132]

[-2.823513929869292;
 -0.1892435783558337;
 -0.6248162021463159]

[-2.725326868002111;
 -0.01374421151487792;
 -0.8080179065854558]

[-2.651490796656848;
 0.1182302413783767;
 -0.9457844703496328]

[-2.593899279707182;
 0.221169208772562;
 -1.053241235688907]

[83.12458620838306;
 13.95743750287327;
 33.46283790974145]

[75.13766100147504;
 12.48781800770206;
 30.15286685221037]

[68.45875229810346;
 11.25887768552978;
 27.38496882745716]

[62.78657509564558;
 10.2151791431185;
 25.03428419138663]

[57.90588702748844;
 9.317117104349265;
 23.01161140706348]

[53.6588256806881;
 8.535644386031153;
 21.25152854998234]

[49.92698765917412;
 7.848974388859456;
 19.70496644721949]

[46.55796570964728;
 7.29993279575739;
 18.48827776048512]

[43.54982980747992;
 6.809703954052915;
 17.40191947159343]

[40.84595033563895;
 6.369059068084143;
 16.42544035897018]

[38.40102942703837;
 5.970616050859175;
 15.54248154955297]

[36.17840339065721;
 5.60839990677729;
 14.73980231687952]

[34.39583673090963;
 5.41391120947013;
 14.06245024780466]

[32.76035917598067;
 5.235470814327615;
 13.4409901191195]

[31.25385199008218;
 5.071101858772951;
 12.86853704766522]

[29.86109924438117;
 4.919144193851339;
 12.33930917904579]

[28.56922919671067;
 4.778193435411172;
 11.84841541920774]

[27.39643557546617;
 4.642398059126146;
 11.31485864498413]

[26.30221536720298;
 4.515700537730946;
 10.81704846420256]

[25.27866851651358;
 4.397186139957167;
 10.35139078494177]

[134.5384990222948;
 23.09544959952729;
 55.77433328263778]

[237.2104979944004;
 40.6662995433185;
 98.45849528293203]

[227.4799205360677;
 38.95588791983029;
 94.35856997524168]

[-3.05245565177653;
 -0.9025817282873567;
 0.5081750029585018]

[-3.067649550507458;
 -0.9070744177611586;
 0.5107044941005096]

[-3.072751245264504;
 -0.908582939750112;
 0.5115538278972993]

[-3.0027456812675;
 -0.6124669767737587;
 -0.03823144525307443]

[-2.960630974171605;
 -0.4343263214438259;
 -0.3689772377640132]

[-2.823513929869292;
 -0.1892435783558337;
 -0.6248162021463159]

[-2.725326868002111;
 -0.01374421151487792;
 -0.8080179065854558]

[-2.651490796656848;
 0.1182302413783767;
 -0.9457844703496328]

[-2.593899279707182;
 0.221169208772562;
 -1.053241235688907]

[83.12458620838306;
 13.95743750287327;
 33.46283790974145]

[75.13766100147504;
 12.48781800770206;
 30.15286685221037]

[68.45875229810346;
 11.25887768552978;
 27.38496882745716]

[62.78657509564558;
 10.2151791431185;
 25.03428419138663]

[57.90588702748844;
 9.317117104349265;
 23.01161140706348]

[53.6588256806881;
 8.535644386031153;
 21.25152854998234]

[49.92698765917412;
 7.848974388859456;
 19.70496644721949]

[46.55796570964728;
 7.29993279575739;
 18.48827776048512]

[43.54982980747992;
 6.809703954052915;
 17.40191947159343]

[40.84595033563895;
 6.369059068084143;
 16.42544035897018]

[38.40102942703837;
 5.970616050859175;
 15.54248154955297]

[36.17840339065721;
 5.60839990677729;
 14.73980231687952]

[34.39583673090963;
 5.41391120947013;
 14.06245024780466]

[32.76035917598067;
 5.235470814327615;
 13.4409901191195]

[31.25385199008218;
 5.071101858772951;
 12.86853704766522]

[29.86109924438117;
 4.919144193851339;
 12.33930917904579]

[28.56922919671067;
 4.778193435411172;
 11.84841541920774]

[27.39643557546617;
 4.642398059126146;
 11.31485864498413]

[26.30221536720298;
 4.515700537730946;
 10.81704846420256]

[25.27866851651358;
 4.397186139957167;
 10.35139078494177]

[134.5384990222948;
 23.09544959952729;
 55.77433328263778]

[237.2104979944004;
 40.6662995433185;
 98.45849528293203]

[227.4799205360677;
 38.95588791983029;
 94.35856997524168]

[218.3001136795811;
 37.34228909530567;
 90.49070883218188]

[-3.05245565177653;
 -0.9025817282873567;
 0.5081750029585018]

[-3.067649550507458;
 -0.9070744177611586;
 0.5107044941005096]

[-3.072751245264504;
 -0.908582939750112;
 0.5115538278972993]

[-3.0027456812675;
 -0.6124669767737587;
 -0.03823144525307443]

[-2.960630974171605;
 -0.4343263214438259;
 -0.3689772377640132]

[-2.823513929869292;
 -0.1892435783558337;
 -0.6248162021463159]

[-2.725326868002111;
 -0.01374421151487792;
 -0.8080179065854558]

[-2.651490796656848;
 0.1182302413783767;
 -0.9457844703496328]

[-2.593899279707182;
 0.221169208772562;
 -1.053241235688907]

[83.12458620838306;
 13.95743750287327;
 33.46283790974145]

[75.13766100147504;
 12.48781800770206;
 30.15286685221037]

[68.45875229810346;
 11.25887768552978;
 27.38496882745716]

[62.78657509564558;
 10.2151791431185;
 25.03428419138663]

[57.90588702748844;
 9.317117104349265;
 23.01161140706348]

[53.6588256806881;
 8.535644386031153;
 21.25152854998234]

[49.92698765917412;
 7.848974388859456;
 19.70496644721949]

[46.55796570964728;
 7.29993279575739;
 18.48827776048512]

[43.54982980747992;
 6.809703954052915;
 17.40191947159343]

[40.84595033563895;
 6.369059068084143;
 16.42544035897018]

[38.40102942703837;
 5.970616050859175;
 15.54248154955297]

[36.17840339065721;
 5.60839990677729;
 14.73980231687952]

[34.39583673090963;
 5.41391120947013;
 14.06245024780466]

[32.76035917598067;
 5.235470814327615;
 13.4409901191195]

[31.25385199008218;
 5.071101858772951;
 12.86853704766522]

[29.86109924438117;
 4.919144193851339;
 12.33930917904579]

[28.56922919671067;
 4.778193435411172;
 11.84841541920774]

[27.39643557546617;
 4.642398059126146;
 11.31485864498413]

[26.30221536720298;
 4.515700537730946;
 10.81704846420256]

[25.27866851651358;
 4.397186139957167;
 10.35139078494177]

[134.5384990222948;
 23.09544959952729;
 55.77433328263778]

[237.2104979944004;
 40.6662995433185;
 98.45849528293203]

[227.4799205360677;
 38.95588791983029;
 94.35856997524168]

[218.3001136795811;
 37.34228909530567;
 90.49070883218188]

[209.6247286102375;
 35.81735601457319;
 86.83538303553019]

[-3.05245565177653;
 -0.9025817282873567;
 0.5081750029585018]

[-3.067649550507458;
 -0.9070744177611586;
 0.5107044941005096]

[-3.072751245264504;
 -0.908582939750112;
 0.5115538278972993]

[-3.0027456812675;
 -0.6124669767737587;
 -0.03823144525307443]

[-2.960630974171605;
 -0.4343263214438259;
 -0.3689772377640132]

[-2.823513929869292;
 -0.1892435783558337;
 -0.6248162021463159]

[-2.725326868002111;
 -0.01374421151487792;
 -0.8080179065854558]

[-2.651490796656848;
 0.1182302413783767;
 -0.9457844703496328]

[-2.593899279707182;
 0.221169208772562;
 -1.053241235688907]

[83.12458620838306;
 13.95743750287327;
 33.46283790974145]

[75.13766100147504;
 12.48781800770206;
 30.15286685221037]

[68.45875229810346;
 11.25887768552978;
 27.38496882745716]

[62.78657509564558;
 10.2151791431185;
 25.03428419138663]

[57.90588702748844;
 9.317117104349265;
 23.01161140706348]

[53.6588256806881;
 8.535644386031153;
 21.25152854998234]

[49.92698765917412;
 7.848974388859456;
 19.70496644721949]

[46.55796570964728;
 7.29993279575739;
 18.48827776048512]

[43.54982980747992;
 6.809703954052915;
 17.40191947159343]

[40.84595033563895;
 6.369059068084143;
 16.42544035897018]

[38.40102942703837;
 5.970616050859175;
 15.54248154955297]

[36.17840339065721;
 5.60839990677729;
 14.73980231687952]

[34.39583673090963;
 5.41391120947013;
 14.06245024780466]

[32.76035917598067;
 5.235470814327615;
 13.4409901191195]

[31.25385199008218;
 5.071101858772951;
 12.86853704766522]

[29.86109924438117;
 4.919144193851339;
 12.33930917904579]

[28.56922919671067;
 4.778193435411172;
 11.84841541920774]

[27.39643557546617;
 4.642398059126146;
 11.31485864498413]

[26.30221536720298;
 4.515700537730946;
 10.81704846420256]

[25.27866851651358;
 4.397186139957167;
 10.35139078494177]

[134.5384990222948;
 23.09544959952729;
 55.77433328263778]

[237.2104979944004;
 40.6662995433185;
 98.45849528293203]

[227.4799205360677;
 38.95588791983029;
 94.35856997524168]

[218.3001136795811;
 37.34228909530567;
 90.49070883218188]

[209.6247286102375;
 35.81735601457319;
 86.83538303553019]

[201.4127050368798;
 34.37387122321561;
 83.375292057381]

[-3.05245565177653;
 -0.9025817282873567;
 0.5081750029585018]

[-3.067649550507458;
 -0.9070744177611586;
 0.5107044941005096]

[-3.072751245264504;
 -0.908582939750112;
 0.5115538278972993]

[-3.0027456812675;
 -0.6124669767737587;
 -0.03823144525307443]

[-2.960630974171605;
 -0.4343263214438259;
 -0.3689772377640132]

[-2.823513929869292;
 -0.1892435783558337;
 -0.6248162021463159]

[-2.725326868002111;
 -0.01374421151487792;
 -0.8080179065854558]

[-2.651490796656848;
 0.1182302413783767;
 -0.9457844703496328]

[-2.593899279707182;
 0.221169208772562;
 -1.053241235688907]

[83.12458620838306;
 13.95743750287327;
 33.46283790974145]

[75.13766100147504;
 12.48781800770206;
 30.15286685221037]

[68.45875229810346;
 11.25887768552978;
 27.38496882745716]

[62.78657509564558;
 10.2151791431185;
 25.03428419138663]

[57.90588702748844;
 9.317117104349265;
 23.01161140706348]

[53.6588256806881;
 8.535644386031153;
 21.25152854998234]

[49.92698765917412;
 7.848974388859456;
 19.70496644721949]

[46.55796570964728;
 7.29993279575739;
 18.48827776048512]

[43.54982980747992;
 6.809703954052915;
 17.40191947159343]

[40.84595033563895;
 6.369059068084143;
 16.42544035897018]

[38.40102942703837;
 5.970616050859175;
 15.54248154955297]

[36.17840339065721;
 5.60839990677729;
 14.73980231687952]

[34.39583673090963;
 5.41391120947013;
 14.06245024780466]

[32.76035917598067;
 5.235470814327615;
 13.4409901191195]

[31.25385199008218;
 5.071101858772951;
 12.86853704766522]

[29.86109924438117;
 4.919144193851339;
 12.33930917904579]

[28.56922919671067;
 4.778193435411172;
 11.84841541920774]

[27.39643557546617;
 4.642398059126146;
 11.31485864498413]

[26.30221536720298;
 4.515700537730946;
 10.81704846420256]

[25.27866851651358;
 4.397186139957167;
 10.35139078494177]

[134.5384990222948;
 23.09544959952729;
 55.77433328263778]

[237.2104979944004;
 40.6662995433185;
 98.45849528293203]

[227.4799205360677;
 38.95588791983029;
 94.35856997524168]

[218.3001136795811;
 37.34228909530567;
 90.49070883218188]

[209.6247286102375;
 35.81735601457319;
 86.83538303553019]

[201.4127050368798;
 34.37387122321561;
 83.375292057381]

[205.1014082499216;
 34.93832576736285;
 84.89281565158001]

[-3.05245565177653;
 -0.9025817282873567;
 0.5081750029585018]

[-3.067649550507458;
 -0.9070744177611586;
 0.5107044941005096]

[-3.072751245264504;
 -0.908582939750112;
 0.5115538278972993]

[-3.0027456812675;
 -0.6124669767737587;
 -0.03823144525307443]

[-2.960630974171605;
 -0.4343263214438259;
 -0.3689772377640132]

[-2.823513929869292;
 -0.1892435783558337;
 -0.6248162021463159]

[-2.725326868002111;
 -0.01374421151487792;
 -0.8080179065854558]

[-2.651490796656848;
 0.1182302413783767;
 -0.9457844703496328]

[-2.593899279707182;
 0.221169208772562;
 -1.053241235688907]

[83.12458620838306;
 13.95743750287327;
 33.46283790974145]

[75.13766100147504;
 12.48781800770206;
 30.15286685221037]

[68.45875229810346;
 11.25887768552978;
 27.38496882745716]

[62.78657509564558;
 10.2151791431185;
 25.03428419138663]

[57.90588702748844;
 9.317117104349265;
 23.01161140706348]

[53.6588256806881;
 8.535644386031153;
 21.25152854998234]

[49.92698765917412;
 7.848974388859456;
 19.70496644721949]

[46.55796570964728;
 7.29993279575739;
 18.48827776048512]

[43.54982980747992;
 6.809703954052915;
 17.40191947159343]

[40.84595033563895;
 6.369059068084143;
 16.42544035897018]

[38.40102942703837;
 5.970616050859175;
 15.54248154955297]

[36.17840339065721;
 5.60839990677729;
 14.73980231687952]

[34.39583673090963;
 5.41391120947013;
 14.06245024780466]

[32.76035917598067;
 5.235470814327615;
 13.4409901191195]

[31.25385199008218;
 5.071101858772951;
 12.86853704766522]

[29.86109924438117;
 4.919144193851339;
 12.33930917904579]

[28.56922919671067;
 4.778193435411172;
 11.84841541920774]

[27.39643557546617;
 4.642398059126146;
 11.31485864498413]

[26.30221536720298;
 4.515700537730946;
 10.81704846420256]

[25.27866851651358;
 4.397186139957167;
 10.35139078494177]

[134.5384990222948;
 23.09544959952729;
 55.77433328263778]

[237.2104979944004;
 40.6662995433185;
 98.45849528293203]

[227.4799205360677;
 38.95588791983029;
 94.35856997524168]

[218.3001136795811;
 37.34228909530567;
 90.49070883218188]

[209.6247286102375;
 35.81735601457319;
 86.83538303553019]

[201.4127050368798;
 34.37387122321561;
 83.375292057381]

[205.1014082499216;
 34.93832576736285;
 84.89281565158001]

[208.6033001420922;
 35.47419397835349;
 86.33348551949301]

[-3.05245565177653;
 -0.9025817282873567;
 0.5081750029585018]

[-3.067649550507458;
 -0.9070744177611586;
 0.5107044941005096]

[-3.072751245264504;
 -0.908582939750112;
 0.5115538278972993]

[-3.0027456812675;
 -0.6124669767737587;
 -0.03823144525307443]

[-2.960630974171605;
 -0.4343263214438259;
 -0.3689772377640132]

[-2.823513929869292;
 -0.1892435783558337;
 -0.6248162021463159]

[-2.725326868002111;
 -0.01374421151487792;
 -0.8080179065854558]

[-2.651490796656848;
 0.1182302413783767;
 -0.9457844703496328]

[-2.593899279707182;
 0.221169208772562;
 -1.053241235688907]

[83.12458620838306;
 13.95743750287327;
 33.46283790974145]

[75.13766100147504;
 12.48781800770206;
 30.15286685221037]

[68.45875229810346;
 11.25887768552978;
 27.38496882745716]

[62.78657509564558;
 10.2151791431185;
 25.03428419138663]

[57.90588702748844;
 9.317117104349265;
 23.01161140706348]

[53.6588256806881;
 8.535644386031153;
 21.25152854998234]

[49.92698765917412;
 7.848974388859456;
 19.70496644721949]

[46.55796570964728;
 7.29993279575739;
 18.48827776048512]

[43.54982980747992;
 6.809703954052915;
 17.40191947159343]
